Table 42

-10.406308893375613
-10.406308200255138
-10.406301116378073
-10.40629849529437
-10.40629544552853
-10.406293229016612
-10.406287912148215
-10.406286115313382
-10.406278134124886
-10.406277723646992
-10.406266727838082
-10.406264790600217
-10.406242365348325
-10.406242339897663
-10.40623559438875
-10.406230416285819
-10.406224050889229
-10.406214101561375
-10.406213127982928
-10.40620856630812
-10.406208172890834
-10.406203400817185
-10.406198102142126
-10.406195421817818
-10.40619332682495
-10.406189647259017
-10.406184572361882
-10.406179794009294
-10.4061760296977
-10.406172228036832
-10.344261429390103
