Table 42

0.47772070832796987
-0.4431457840115781
0.4375768525050523
-0.42870009331322495
0.4248665906312567
0.4183997987079464
0.4074357255394807
-0.3905606193833996
0.3805278353814238
-0.3746597521640513
-0.3374959920732149
0.3146900156239031
0.27697477311085505
0.2079715814992877
0.1937979834099789
-0.14753415133763498
-0.14579510122955805
-0.13168734550771394
0.13079479425043752
0.10950302983666123
-0.10558457405112896
0.10042694847879169
-0.09910596675235595
-0.0943132644747846
0.08962432992109172
0.08385707878536712
0.0637260395961831
-0.0531934642579908
0.04176745464110553
0.009495603705382777
