::(1/3)::

0.49802846998364575
-0.49488859289642806
0.48466784973742694
0.47552720532638315
-0.463761932127641
-0.4536216817288517
0.4528560596547028
-0.4488218782030418
-0.43314470905545766
-0.4133756131557364
0.36435647069476057
0.3291671233509515
0.3185785352768361
0.29024952601944765
-0.1877671998531918
-0.17710118921713616
0.1756075172550789
0.14690711610962973
0.1240340408825039
0.09851251303234156
-0.08760652852005905
0.08621257448509816
0.07241026222272731
-0.04974465633976239
-0.04291432552214363
0.035778020016020456
-0.029834826061397104
0.023928296819194648
-0.015127291092318808
-0.007666082591528411
